location:
  latitude: 45.4831336
  longitude: -122.5822979
hue:
  bridgeip: 192.168.0.108
